train_loss$0$0.787472109375//
train_individual_losses$0$tensor([0.8610, 0.7124, 0.9661, 0.7206, 0.9667, 0.8507, 0.8219, 0.8082, 0.7659,
        0.6999, 0.6186, 0.8996, 0.6785, 0.8093, 0.8764, 0.7244, 0.9589, 0.6985,
        0.6538, 0.6581])//
train_examples$0$10000.0//
train_loss$2000$0.0064570635986328125//
train_individual_losses$2000$tensor([0.0073, 0.0031, 0.0073, 0.0074, 0.0105, 0.0082, 0.0057, 0.0039, 0.0033,
        0.0069, 0.0032, 0.0061, 0.0067, 0.0044, 0.0165, 0.0036, 0.0103, 0.0045,
        0.0042, 0.0060])//
train_examples$2000$10000.0//
train_loss$4000$0.003209071044921875//
train_individual_losses$4000$tensor([0.0033, 0.0013, 0.0023, 0.0023, 0.0075, 0.0037, 0.0018, 0.0015, 0.0028,
        0.0023, 0.0013, 0.0018, 0.0040, 0.0020, 0.0097, 0.0017, 0.0064, 0.0031,
        0.0015, 0.0038])//
train_examples$4000$10000.0//
train_loss$6000$0.0021643116760253905//
train_individual_losses$6000$tensor([0.0029, 0.0007, 0.0012, 0.0014, 0.0056, 0.0026, 0.0012, 0.0010, 0.0025,
        0.0010, 0.0009, 0.0016, 0.0016, 0.0012, 0.0089, 0.0007, 0.0016, 0.0026,
        0.0012, 0.0029])//
train_examples$6000$10000.0//
train_loss$8000$0.0017122767639160157//
train_individual_losses$8000$tensor([0.0027, 0.0005, 0.0009, 0.0010, 0.0031, 0.0023, 0.0010, 0.0008, 0.0024,
        0.0006, 0.0008, 0.0015, 0.0011, 0.0006, 0.0077, 0.0004, 0.0012, 0.0024,
        0.0011, 0.0023])//
train_examples$8000$10000.0//
train_loss$10000$0.001546400146484375//
train_individual_losses$10000$tensor([0.0026, 0.0003, 0.0008, 0.0008, 0.0025, 0.0022, 0.0009, 0.0008, 0.0022,
        0.0004, 0.0006, 0.0015, 0.0009, 0.0005, 0.0073, 0.0003, 0.0011, 0.0023,
        0.0011, 0.0020])//
train_examples$10000$10000.0//
train_loss$12000$0.001463762664794922//
train_individual_losses$12000$tensor([0.0024, 0.0003, 0.0007, 0.0007, 0.0023, 0.0021, 0.0009, 0.0007, 0.0021,
        0.0004, 0.0005, 0.0014, 0.0007, 0.0003, 0.0072, 0.0002, 0.0010, 0.0023,
        0.0011, 0.0019])//
train_examples$12000$10000.0//
train_loss$14000$0.0013892935180664062//
train_individual_losses$14000$tensor([0.0022, 0.0003, 0.0007, 0.0005, 0.0021, 0.0021, 0.0008, 0.0007, 0.0021,
        0.0003, 0.0005, 0.0014, 0.0006, 0.0003, 0.0070, 0.0001, 0.0010, 0.0022,
        0.0010, 0.0018])//
train_examples$14000$10000.0//
train_loss$16000$0.0013414505004882814//
train_individual_losses$16000$tensor([0.0019, 0.0003, 0.0007, 0.0005, 0.0021, 0.0020, 0.0008, 0.0006, 0.0020,
        0.0003, 0.0005, 0.0013, 0.0005, 0.0002, 0.0070, 0.0001, 0.0009, 0.0022,
        0.0010, 0.0018])//
train_examples$16000$10000.0//
train_loss$18000$0.0013032431030273438//
train_individual_losses$18000$tensor([0.0018, 0.0003, 0.0006, 0.0005, 0.0020, 0.0020, 0.0007, 0.0005, 0.0020,
        0.0003, 0.0005, 0.0013, 0.0005, 0.0002, 0.0069, 0.0001, 0.0009, 0.0022,
        0.0010, 0.0017])//
train_examples$18000$10000.0//
train_loss$20000$0.0012756851959228517//
train_individual_losses$20000$tensor([1.8119e-03, 2.4883e-04, 6.0600e-04, 4.3486e-04, 1.9913e-03, 2.0011e-03,
        6.5898e-04, 5.1278e-04, 2.0016e-03, 2.6545e-04, 4.5610e-04, 1.2826e-03,
        4.4333e-04, 1.6892e-04, 6.9606e-03, 9.5748e-05, 8.5189e-04, 2.1130e-03,
        1.0109e-03, 1.5978e-03])//
train_examples$20000$10000.0//
train_loss$22000$0.0012416582489013673//
train_individual_losses$22000$tensor([1.7833e-03, 2.6012e-04, 5.8394e-04, 4.2728e-04, 1.9643e-03, 1.9790e-03,
        3.0368e-04, 4.9755e-04, 2.0319e-03, 2.6496e-04, 4.3214e-04, 1.2752e-03,
        4.1179e-04, 1.5771e-04, 6.9015e-03, 8.5460e-05, 8.1153e-04, 2.1006e-03,
        1.0153e-03, 1.5459e-03])//
train_examples$22000$10000.0//
train_loss$24000$0.001222054214477539//
train_individual_losses$24000$tensor([1.7834e-03, 2.4395e-04, 5.7252e-04, 4.2528e-04, 1.9523e-03, 1.9966e-03,
        2.3751e-04, 4.7835e-04, 1.9828e-03, 2.5366e-04, 4.2178e-04, 1.2572e-03,
        4.0678e-04, 1.6220e-04, 6.8265e-03, 7.8630e-05, 7.9504e-04, 2.0406e-03,
        1.0038e-03, 1.5222e-03])//
train_examples$24000$10000.0//
train_loss$26000$0.001205577850341797//
train_individual_losses$26000$tensor([1.7478e-03, 2.2504e-04, 5.8925e-04, 3.9002e-04, 1.9430e-03, 1.9610e-03,
        2.0331e-04, 4.7044e-04, 1.9637e-03, 2.4212e-04, 4.0981e-04, 1.2315e-03,
        3.6327e-04, 1.4687e-04, 6.8308e-03, 8.8275e-05, 7.6087e-04, 2.0524e-03,
        9.8536e-04, 1.5067e-03])//
train_examples$26000$10000.0//
train_loss$28000$0.0012243462371826172//
train_individual_losses$28000$tensor([1.8096e-03, 2.2599e-04, 5.6758e-04, 4.0688e-04, 2.0070e-03, 1.9854e-03,
        1.8085e-04, 4.7732e-04, 1.9632e-03, 2.3050e-04, 3.9185e-04, 1.3273e-03,
        3.5524e-04, 1.4317e-04, 6.9257e-03, 7.7166e-05, 7.6163e-04, 2.1343e-03,
        1.0121e-03, 1.5041e-03])//
train_examples$28000$10000.0//
train_loss$30000$0.0011825257873535155//
train_individual_losses$30000$tensor([1.7280e-03, 2.1342e-04, 5.4981e-04, 3.8569e-04, 1.9180e-03, 1.9469e-03,
        1.6092e-04, 4.5396e-04, 1.9614e-03, 2.2409e-04, 3.7290e-04, 1.2658e-03,
        3.4320e-04, 1.4207e-04, 6.7487e-03, 7.1500e-05, 7.2358e-04, 1.9898e-03,
        9.7362e-04, 1.4771e-03])//
train_examples$30000$10000.0//
train_loss$32000$0.00116642333984375//
train_individual_losses$32000$tensor([1.7085e-03, 2.1154e-04, 5.2607e-04, 3.4962e-04, 1.9132e-03, 1.9306e-03,
        1.4505e-04, 4.4801e-04, 1.9435e-03, 2.4871e-04, 3.7781e-04, 1.2066e-03,
        3.2205e-04, 1.4100e-04, 6.7187e-03, 7.0777e-05, 6.9955e-04, 1.9514e-03,
        9.5168e-04, 1.4642e-03])//
train_examples$32000$10000.0//
train_loss$34000$0.001172208251953125//
train_individual_losses$34000$tensor([1.7070e-03, 2.0267e-04, 5.1574e-04, 3.1905e-04, 1.9363e-03, 1.9501e-03,
        1.3967e-04, 4.5796e-04, 1.9723e-03, 2.1739e-04, 3.5911e-04, 1.2493e-03,
        3.0817e-04, 1.4362e-04, 6.7927e-03, 6.6996e-05, 6.8491e-04, 2.0141e-03,
        9.4708e-04, 1.4600e-03])//
train_examples$34000$10000.0//
train_loss$36000$0.0011465767669677734//
train_individual_losses$36000$tensor([1.6925e-03, 1.9499e-04, 5.0239e-04, 3.0170e-04, 1.8966e-03, 1.9324e-03,
        1.3495e-04, 4.3677e-04, 1.9354e-03, 1.9704e-04, 3.4053e-04, 1.1917e-03,
        3.0044e-04, 1.2585e-04, 6.6816e-03, 6.6982e-05, 6.7301e-04, 1.9361e-03,
        9.3217e-04, 1.4585e-03])//
train_examples$36000$10000.0//
train_loss$38000$0.0011390087890625//
train_individual_losses$38000$tensor([1.6860e-03, 1.9307e-04, 4.8604e-04, 2.9044e-04, 1.8954e-03, 1.9262e-03,
        1.3069e-04, 4.2797e-04, 1.9288e-03, 2.0753e-04, 3.1841e-04, 1.1701e-03,
        2.9175e-04, 1.1944e-04, 6.7169e-03, 6.2557e-05, 6.6243e-04, 1.8967e-03,
        9.2235e-04, 1.4474e-03])//
train_examples$38000$10000.0//
train_loss$40000$0.0011330805206298828//
train_individual_losses$40000$tensor([1.6797e-03, 1.8759e-04, 4.7886e-04, 2.9296e-04, 1.8860e-03, 1.9165e-03,
        1.3714e-04, 4.2623e-04, 1.9387e-03, 2.0016e-04, 3.1242e-04, 1.1657e-03,
        3.1080e-04, 1.2234e-04, 6.6432e-03, 7.0384e-05, 6.5309e-04, 1.8776e-03,
        9.3713e-04, 1.4252e-03])//
train_examples$40000$10000.0//
train_loss$42000$0.0011290856170654297//
train_individual_losses$42000$tensor([1.6708e-03, 1.8857e-04, 4.6501e-04, 2.7917e-04, 1.8795e-03, 1.9095e-03,
        1.3337e-04, 4.3309e-04, 1.9184e-03, 1.8387e-04, 3.1008e-04, 1.1607e-03,
        2.7621e-04, 1.1807e-04, 6.6224e-03, 5.8673e-05, 6.4272e-04, 1.9724e-03,
        9.2388e-04, 1.4352e-03])//
train_examples$42000$10000.0//
train_loss$44000$0.0011218699645996093//
train_individual_losses$44000$tensor([1.6612e-03, 1.9440e-04, 4.6117e-04, 2.7304e-04, 1.8860e-03, 1.9077e-03,
        1.2657e-04, 4.2206e-04, 1.9331e-03, 1.8941e-04, 3.0223e-04, 1.1753e-03,
        2.7385e-04, 1.2160e-04, 6.6140e-03, 5.8644e-05, 6.3908e-04, 1.8826e-03,
        9.0777e-04, 1.4077e-03])//
train_examples$44000$10000.0//
train_loss$46000$0.001117004165649414//
train_individual_losses$46000$tensor([1.6418e-03, 1.8621e-04, 4.5594e-04, 2.7737e-04, 1.8755e-03, 1.9149e-03,
        1.3556e-04, 4.1639e-04, 1.9214e-03, 1.8076e-04, 3.1284e-04, 1.1479e-03,
        2.8427e-04, 1.1618e-04, 6.5837e-03, 5.1592e-05, 6.3656e-04, 1.8447e-03,
        8.9545e-04, 1.4611e-03])//
train_examples$46000$10000.0//
train_loss$48000$0.001116136474609375//
train_individual_losses$48000$tensor([1.6325e-03, 1.8049e-04, 4.4847e-04, 2.6849e-04, 1.8988e-03, 1.9335e-03,
        1.2219e-04, 4.0935e-04, 1.9161e-03, 1.7936e-04, 3.1488e-04, 1.1734e-03,
        2.7313e-04, 1.1494e-04, 6.5812e-03, 5.1182e-05, 6.4932e-04, 1.8812e-03,
        9.0931e-04, 1.3849e-03])//
train_examples$48000$10000.0//
train_loss$50000$0.001104037322998047//
train_individual_losses$50000$tensor([1.6049e-03, 1.7583e-04, 4.5075e-04, 2.5387e-04, 1.8709e-03, 1.8941e-03,
        1.2387e-04, 4.1143e-04, 1.9263e-03, 1.7535e-04, 2.9613e-04, 1.1701e-03,
        2.5175e-04, 1.0535e-04, 6.5369e-03, 5.5812e-05, 6.5308e-04, 1.8546e-03,
        8.8986e-04, 1.3798e-03])//
train_examples$50000$10000.0//
train_loss$52000$0.0010976548767089845//
train_individual_losses$52000$tensor([1.5788e-03, 1.8038e-04, 4.4946e-04, 2.4973e-04, 1.8782e-03, 1.8902e-03,
        1.1707e-04, 4.0301e-04, 1.9071e-03, 1.7546e-04, 3.0285e-04, 1.1534e-03,
        2.4740e-04, 9.8898e-05, 6.5384e-03, 4.9843e-05, 6.1659e-04, 1.8360e-03,
        9.1778e-04, 1.3624e-03])//
train_examples$52000$10000.0//
train_loss$54000$0.0010928643035888672//
train_individual_losses$54000$tensor([1.5670e-03, 1.7374e-04, 4.4326e-04, 2.6775e-04, 1.8690e-03, 1.8826e-03,
        1.1254e-04, 4.1728e-04, 1.9286e-03, 1.7686e-04, 2.8895e-04, 1.1594e-03,
        2.4358e-04, 9.1649e-05, 6.5125e-03, 4.5872e-05, 6.1156e-04, 1.8144e-03,
        8.9957e-04, 1.3512e-03])//
train_examples$54000$10000.0//
train_loss$56000$0.0010993917083740234//
train_individual_losses$56000$tensor([1.6681e-03, 1.7181e-04, 4.4420e-04, 2.3167e-04, 1.8901e-03, 1.9079e-03,
        1.1320e-04, 4.0700e-04, 1.9325e-03, 1.7641e-04, 2.9258e-04, 1.1340e-03,
        2.5056e-04, 8.9239e-05, 6.4658e-03, 4.6383e-05, 6.7146e-04, 1.8117e-03,
        9.1831e-04, 1.3649e-03])//
train_examples$56000$10000.0//
train_loss$58000$0.0010842422485351562//
train_individual_losses$58000$tensor([1.5503e-03, 1.8359e-04, 4.4103e-04, 2.2011e-04, 1.8636e-03, 1.8909e-03,
        1.1298e-04, 3.9607e-04, 1.9171e-03, 1.6649e-04, 3.0945e-04, 1.1449e-03,
        2.3772e-04, 8.3695e-05, 6.4831e-03, 5.0384e-05, 6.0272e-04, 1.8089e-03,
        8.6861e-04, 1.3532e-03])//
train_examples$58000$10000.0//
train_loss$60000$0.001075838851928711//
train_individual_losses$60000$tensor([1.5404e-03, 1.7779e-04, 4.2815e-04, 2.0918e-04, 1.8615e-03, 1.8765e-03,
        1.0838e-04, 4.0106e-04, 1.9085e-03, 1.6219e-04, 2.8705e-04, 1.1579e-03,
        2.3810e-04, 7.7813e-05, 6.4321e-03, 4.2463e-05, 5.8723e-04, 1.8034e-03,
        8.8041e-04, 1.3366e-03])//
train_examples$60000$10000.0//
train_loss$62000$0.001078045120239258//
train_individual_losses$62000$tensor([1.5693e-03, 1.7199e-04, 4.4826e-04, 1.9633e-04, 1.8636e-03, 1.8760e-03,
        1.1100e-04, 3.9318e-04, 1.9397e-03, 1.6054e-04, 2.8374e-04, 1.1294e-03,
        2.2861e-04, 7.7632e-05, 6.4038e-03, 4.2120e-05, 6.0868e-04, 1.8233e-03,
        9.0160e-04, 1.3321e-03])//
train_examples$62000$10000.0//
train_loss$64000$0.0010764492797851564//
train_individual_losses$64000$tensor([1.5427e-03, 1.9183e-04, 4.4200e-04, 1.9167e-04, 1.8615e-03, 1.8852e-03,
        1.0682e-04, 3.8939e-04, 1.8957e-03, 1.7250e-04, 3.0617e-04, 1.1434e-03,
        2.4425e-04, 7.6812e-05, 6.4622e-03, 4.7535e-05, 5.8445e-04, 1.7929e-03,
        8.6302e-04, 1.3290e-03])//
train_examples$64000$10000.0//
train_loss$66000$0.001078558578491211//
train_individual_losses$66000$tensor([1.5252e-03, 1.8077e-04, 4.2150e-04, 1.8169e-04, 1.8777e-03, 1.8663e-03,
        1.0827e-04, 3.8518e-04, 1.8944e-03, 1.6567e-04, 2.8512e-04, 1.1624e-03,
        2.0732e-04, 7.7373e-05, 6.5506e-03, 3.8869e-05, 5.7454e-04, 1.8664e-03,
        8.6060e-04, 1.3412e-03])//
train_examples$66000$10000.0//
train_loss$68000$0.0010794190979003906//
train_individual_losses$68000$tensor([1.5170e-03, 1.6856e-04, 4.4180e-04, 1.6385e-04, 1.8599e-03, 1.8660e-03,
        1.1425e-04, 3.9643e-04, 1.8881e-03, 1.5929e-04, 2.7877e-04, 1.2018e-03,
        1.8779e-04, 7.4368e-05, 6.6575e-03, 3.7519e-05, 5.7433e-04, 1.8242e-03,
        8.5635e-04, 1.3207e-03])//
train_examples$68000$10000.0//
train_loss$70000$0.0010611691284179688//
train_individual_losses$70000$tensor([1.5129e-03, 1.7337e-04, 4.9866e-04, 1.6520e-04, 1.8689e-03, 1.8733e-03,
        1.1007e-04, 3.8248e-04, 1.8892e-03, 1.5810e-04, 2.7889e-04, 1.1179e-03,
        1.6942e-04, 7.1977e-05, 6.3422e-03, 3.6588e-05, 5.6521e-04, 1.8243e-03,
        8.6099e-04, 1.3238e-03])//
train_examples$70000$10000.0//
train_loss$72000$0.001057939910888672//
train_individual_losses$72000$tensor([1.5125e-03, 1.7100e-04, 4.2090e-04, 1.5446e-04, 1.8613e-03, 1.8681e-03,
        1.0946e-04, 3.8909e-04, 1.9060e-03, 1.5301e-04, 2.7785e-04, 1.1261e-03,
        1.5628e-04, 7.2094e-05, 6.3455e-03, 3.6403e-05, 6.0321e-04, 1.7959e-03,
        8.7825e-04, 1.3213e-03])//
train_examples$72000$10000.0//
train_loss$74000$0.0010651538848876953//
train_individual_losses$74000$tensor([1.5275e-03, 1.7960e-04, 4.1813e-04, 1.5449e-04, 1.8691e-03, 1.8693e-03,
        1.0516e-04, 3.8685e-04, 1.8887e-03, 1.6930e-04, 2.8028e-04, 1.1516e-03,
        1.5039e-04, 7.2925e-05, 6.5294e-03, 3.5529e-05, 5.6375e-04, 1.7734e-03,
        8.4763e-04, 1.3300e-03])//
train_examples$74000$10000.0//
train_loss$76000$0.0010531148529052735//
train_individual_losses$76000$tensor([1.5125e-03, 1.7477e-04, 4.0337e-04, 1.4852e-04, 1.8804e-03, 1.8640e-03,
        1.0843e-04, 3.7894e-04, 1.8918e-03, 1.6422e-04, 2.7840e-04, 1.1267e-03,
        1.4035e-04, 7.0306e-05, 6.3782e-03, 3.7028e-05, 5.5845e-04, 1.7991e-03,
        8.4474e-04, 1.3021e-03])//
train_examples$76000$10000.0//
train_loss$78000$0.001053216552734375//
train_individual_losses$78000$tensor([1.5164e-03, 1.6720e-04, 3.9693e-04, 1.4954e-04, 1.8640e-03, 1.8558e-03,
        1.0201e-04, 3.7667e-04, 1.8918e-03, 1.5210e-04, 2.7302e-04, 1.1122e-03,
        1.4482e-04, 7.0133e-05, 6.4225e-03, 3.3709e-05, 5.5323e-04, 1.7749e-03,
        8.3072e-04, 1.3768e-03])//
train_examples$78000$10000.0//
train_loss$80000$0.0010369806671142578//
train_individual_losses$80000$tensor([1.4964e-03, 1.7007e-04, 3.9209e-04, 1.4289e-04, 1.8592e-03, 1.8534e-03,
        1.0418e-04, 3.7662e-04, 1.8890e-03, 1.4931e-04, 2.7483e-04, 1.1107e-03,
        1.3029e-04, 6.9480e-05, 6.2465e-03, 3.4119e-05, 5.4980e-04, 1.7658e-03,
        8.2792e-04, 1.2970e-03])//
train_examples$80000$10000.0//
train_loss$82000$0.0010560728454589844//
train_individual_losses$82000$tensor([1.4927e-03, 1.7449e-04, 4.2186e-04, 1.4328e-04, 1.8537e-03, 1.8950e-03,
        1.0025e-04, 3.7191e-04, 1.8705e-03, 1.4841e-04, 2.8964e-04, 1.2406e-03,
        1.2605e-04, 7.0408e-05, 6.3689e-03, 3.1494e-05, 5.5054e-04, 1.8488e-03,
        8.2370e-04, 1.2993e-03])//
train_examples$82000$10000.0//
train_loss$84000$0.0010807780456542969//
train_individual_losses$84000$tensor([1.5216e-03, 1.6919e-04, 4.3631e-04, 1.4951e-04, 1.8771e-03, 1.8836e-03,
        1.0150e-04, 3.8636e-04, 1.8704e-03, 1.4900e-04, 2.9530e-04, 1.2664e-03,
        1.2016e-04, 6.9354e-05, 6.6458e-03, 3.3127e-05, 5.5869e-04, 1.9682e-03,
        8.2291e-04, 1.2910e-03])//
train_examples$84000$10000.0//
train_loss$86000$0.0010334921264648438//
train_individual_losses$86000$tensor([1.4980e-03, 1.6653e-04, 4.1250e-04, 1.4967e-04, 1.8747e-03, 1.8497e-03,
        9.9444e-05, 3.7473e-04, 1.8719e-03, 1.4907e-04, 2.7135e-04, 1.1044e-03,
        1.1473e-04, 7.0038e-05, 6.2259e-03, 3.0958e-05, 5.3529e-04, 1.7582e-03,
        8.1889e-04, 1.2938e-03])//
train_examples$86000$10000.0//
train_loss$88000$0.0010391993713378905//
train_individual_losses$88000$tensor([1.4974e-03, 1.6967e-04, 3.8849e-04, 1.2715e-04, 1.8647e-03, 1.8751e-03,
        1.0424e-04, 3.8168e-04, 1.8695e-03, 1.4839e-04, 3.0432e-04, 1.1176e-03,
        1.1697e-04, 7.0856e-05, 6.2637e-03, 2.8517e-05, 5.4107e-04, 1.7750e-03,
        8.3884e-04, 1.3009e-03])//
train_examples$88000$10000.0//
train_loss$90000$0.0010311746215820312//
train_individual_losses$90000$tensor([1.4851e-03, 1.7289e-04, 4.0037e-04, 1.3110e-04, 1.8497e-03, 1.8532e-03,
        9.8134e-05, 3.6738e-04, 1.8721e-03, 1.4975e-04, 2.9433e-04, 1.1130e-03,
        1.0684e-04, 6.9144e-05, 6.2128e-03, 3.7039e-05, 5.5173e-04, 1.7586e-03,
        8.1735e-04, 1.2830e-03])//
train_examples$90000$10000.0//
train_loss$92000$0.001025431900024414//
train_individual_losses$92000$tensor([1.4808e-03, 1.6590e-04, 3.8982e-04, 1.2924e-04, 1.8509e-03, 1.8458e-03,
        9.9036e-05, 3.6630e-04, 1.8776e-03, 1.4813e-04, 2.5232e-04, 1.0775e-03,
        1.0419e-04, 6.8953e-05, 6.2065e-03, 2.9500e-05, 5.2690e-04, 1.7508e-03,
        8.1358e-04, 1.3248e-03])//
train_examples$92000$10000.0//
train_loss$94000$0.0010228115844726562//
train_individual_losses$94000$tensor([1.4755e-03, 1.6652e-04, 4.0383e-04, 1.3173e-04, 1.8553e-03, 1.8430e-03,
        9.8026e-05, 3.7953e-04, 1.8626e-03, 1.6221e-04, 2.5086e-04, 1.0649e-03,
        1.0340e-04, 6.8851e-05, 6.1732e-03, 2.6459e-05, 5.2347e-04, 1.7484e-03,
        8.1729e-04, 1.3011e-03])//
train_examples$94000$10000.0//
train_loss$96000$0.0010287015533447265//
train_individual_losses$96000$tensor([1.4753e-03, 1.6546e-04, 3.9738e-04, 1.1984e-04, 1.8723e-03, 1.8549e-03,
        9.8055e-05, 3.7106e-04, 1.9155e-03, 1.4580e-04, 2.4757e-04, 9.8555e-04,
        1.1819e-04, 6.9226e-05, 6.2512e-03, 2.7082e-05, 5.4951e-04, 1.7885e-03,
        8.1700e-04, 1.3047e-03])//
train_examples$96000$10000.0//
train_loss$98000$0.0010130009460449219//
train_individual_losses$98000$tensor([1.4748e-03, 1.7704e-04, 3.8037e-04, 1.2704e-04, 1.8552e-03, 1.8475e-03,
        1.0075e-04, 3.6389e-04, 1.8546e-03, 1.4929e-04, 2.4396e-04, 9.6492e-04,
        1.0907e-04, 7.0710e-05, 6.1389e-03, 2.7331e-05, 5.1840e-04, 1.7657e-03,
        8.0721e-04, 1.2834e-03])//
train_examples$98000$10000.0//
train_loss$100000$0.0010115804290771484//
train_individual_losses$100000$tensor([1.4666e-03, 1.7023e-04, 3.7735e-04, 1.1638e-04, 1.8477e-03, 1.8443e-03,
        9.9596e-05, 3.7984e-04, 1.8560e-03, 1.4701e-04, 2.4671e-04, 9.5179e-04,
        9.9872e-05, 7.9839e-05, 6.1311e-03, 2.5100e-05, 5.1860e-04, 1.7810e-03,
        8.1890e-04, 1.2738e-03])//
train_examples$100000$10000.0//
train_loss$102000$0.0010115238952636719//
train_individual_losses$102000$tensor([1.4738e-03, 1.7289e-04, 3.8210e-04, 1.1265e-04, 1.8449e-03, 1.8390e-03,
        9.8375e-05, 3.7300e-04, 1.8567e-03, 1.6904e-04, 2.8635e-04, 9.3503e-04,
        9.6815e-05, 6.9589e-05, 6.1282e-03, 2.6071e-05, 5.1506e-04, 1.7469e-03,
        8.0260e-04, 1.3014e-03])//
train_examples$102000$10000.0//
train_loss$104000$0.001010275650024414//
train_individual_losses$104000$tensor([1.4909e-03, 1.6611e-04, 3.8226e-04, 1.1298e-04, 1.8636e-03, 1.8540e-03,
        9.5927e-05, 3.6636e-04, 1.8684e-03, 1.5830e-04, 2.3879e-04, 9.2111e-04,
        9.5946e-05, 6.8987e-05, 6.1272e-03, 2.4691e-05, 5.3095e-04, 1.7624e-03,
        8.0450e-04, 1.2720e-03])//
train_examples$104000$10000.0//
train_loss$106000$0.0010093162536621094//
train_individual_losses$106000$tensor([1.4646e-03, 1.7001e-04, 3.7344e-04, 1.1355e-04, 1.8621e-03, 1.8620e-03,
        9.6385e-05, 3.6554e-04, 1.8648e-03, 1.4757e-04, 2.4766e-04, 9.5653e-04,
        9.5257e-05, 6.8614e-05, 6.1308e-03, 2.5427e-05, 5.1650e-04, 1.7582e-03,
        8.0225e-04, 1.2651e-03])//
train_examples$106000$10000.0//
train_loss$108000$0.0010110844421386718//
train_individual_losses$108000$tensor([1.4687e-03, 1.8273e-04, 3.7542e-04, 1.0701e-04, 1.9044e-03, 1.8708e-03,
        1.0264e-04, 3.6814e-04, 1.8731e-03, 1.5955e-04, 2.5359e-04, 8.9001e-04,
        9.4549e-05, 6.8158e-05, 6.1196e-03, 3.0719e-05, 5.0981e-04, 1.7668e-03,
        8.0121e-04, 1.2748e-03])//
train_examples$108000$10000.0//
train_loss$110000$0.0010038276672363281//
train_individual_losses$110000$tensor([1.4636e-03, 1.6467e-04, 3.8403e-04, 1.1141e-04, 1.8479e-03, 1.8346e-03,
        9.6534e-05, 3.6139e-04, 1.8533e-03, 1.4860e-04, 2.3614e-04, 8.7158e-04,
        1.0978e-04, 7.0765e-05, 6.1441e-03, 2.4045e-05, 5.0701e-04, 1.7671e-03,
        8.0691e-04, 1.2730e-03])//
train_examples$110000$10000.0//
train_loss$112000$0.0010049344635009766//
train_individual_losses$112000$tensor([1.4578e-03, 1.6379e-04, 3.7994e-04, 1.0747e-04, 1.8876e-03, 1.8632e-03,
        1.0260e-04, 3.6461e-04, 1.8456e-03, 1.4371e-04, 2.3685e-04, 8.5859e-04,
        9.4060e-05, 6.7806e-05, 6.0976e-03, 2.4108e-05, 5.7211e-04, 1.7576e-03,
        8.1230e-04, 1.2613e-03])//
train_examples$112000$10000.0//
train_loss$114000$0.0010049714660644532//
train_individual_losses$114000$tensor([1.4758e-03, 1.6431e-04, 3.6974e-04, 1.2155e-04, 1.8587e-03, 1.8482e-03,
        1.0040e-04, 3.6897e-04, 1.8293e-03, 1.4626e-04, 2.3093e-04, 8.2055e-04,
        9.6848e-05, 6.7545e-05, 6.2355e-03, 2.4360e-05, 5.0705e-04, 1.7413e-03,
        7.9393e-04, 1.2982e-03])//
train_examples$114000$10000.0//
train_loss$116000$0.000993731460571289//
train_individual_losses$116000$tensor([1.4478e-03, 1.6769e-04, 3.6856e-04, 1.0752e-04, 1.8454e-03, 1.8415e-03,
        9.6213e-05, 3.6743e-04, 1.8273e-03, 1.4295e-04, 2.2952e-04, 7.7942e-04,
        9.4133e-05, 6.7504e-05, 6.1351e-03, 2.3411e-05, 5.1088e-04, 1.7555e-03,
        7.9963e-04, 1.2672e-03])//
train_examples$116000$10000.0//
train_loss$118000$0.0009919412231445312//
train_individual_losses$118000$tensor([1.4553e-03, 1.6833e-04, 3.8422e-04, 1.0447e-04, 1.8611e-03, 1.8663e-03,
        9.5195e-05, 3.5897e-04, 1.8329e-03, 1.4126e-04, 2.3253e-04, 7.5750e-04,
        9.2281e-05, 6.8648e-05, 6.0512e-03, 2.6216e-05, 5.0058e-04, 1.7523e-03,
        8.0930e-04, 1.2802e-03])//
train_examples$118000$10000.0//
train_loss$120000$0.0009901797485351563//
train_individual_losses$120000$tensor([1.4598e-03, 1.6716e-04, 3.7032e-04, 1.3466e-04, 1.8651e-03, 1.8598e-03,
        1.0429e-04, 3.6122e-04, 1.8464e-03, 1.4720e-04, 2.2792e-04, 7.3964e-04,
        9.6029e-05, 6.7269e-05, 6.0388e-03, 2.3614e-05, 4.9566e-04, 1.7300e-03,
        7.9793e-04, 1.2707e-03])//
train_examples$120000$10000.0//
train_loss$122000$0.0009846640014648438//
train_individual_losses$122000$tensor([1.4431e-03, 1.6611e-04, 3.7048e-04, 1.0022e-04, 1.8525e-03, 1.8518e-03,
        9.4909e-05, 3.5546e-04, 1.8162e-03, 1.4071e-04, 2.3028e-04, 7.6978e-04,
        9.1180e-05, 6.6523e-05, 6.0312e-03, 2.4563e-05, 4.9235e-04, 1.7352e-03,
        7.8953e-04, 1.2711e-03])//
train_examples$122000$10000.0//
train_loss$124000$0.0009923223114013673//
train_individual_losses$124000$tensor([1.4530e-03, 1.7471e-04, 3.9042e-04, 9.8514e-05, 1.8841e-03, 1.8358e-03,
        9.3983e-05, 3.7090e-04, 1.8418e-03, 1.4212e-04, 2.4898e-04, 7.2889e-04,
        8.6935e-05, 7.5559e-05, 6.0538e-03, 2.3662e-05, 5.1686e-04, 1.7652e-03,
        8.0309e-04, 1.2581e-03])//
train_examples$124000$10000.0//
train_loss$126000$0.0009786722564697266//
train_individual_losses$126000$tensor([1.4274e-03, 1.6761e-04, 3.6639e-04, 9.6013e-05, 1.8524e-03, 1.8265e-03,
        9.3814e-05, 3.5663e-04, 1.7994e-03, 1.4362e-04, 2.2339e-04, 7.1711e-04,
        1.0790e-04, 7.1481e-05, 6.0322e-03, 2.3852e-05, 4.9194e-04, 1.7271e-03,
        8.0066e-04, 1.2480e-03])//
train_examples$126000$10000.0//
train_loss$128000$0.0009749612426757813//
train_individual_losses$128000$tensor([1.4174e-03, 1.7230e-04, 3.6655e-04, 9.4684e-05, 1.8413e-03, 1.8386e-03,
        9.3455e-05, 3.4899e-04, 1.7958e-03, 1.3956e-04, 2.2506e-04, 7.2517e-04,
        8.9767e-05, 6.8167e-05, 6.0017e-03, 3.1279e-05, 4.9056e-04, 1.7272e-03,
        7.7930e-04, 1.2525e-03])//
train_examples$128000$10000.0//
train_loss$130000$0.0009644210052490235//
train_individual_losses$130000$tensor([1.1226e-03, 1.6800e-04, 3.7096e-04, 1.1407e-04, 1.8586e-03, 1.8420e-03,
        1.0880e-04, 3.5528e-04, 1.7871e-03, 1.4764e-04, 2.1026e-04, 7.1331e-04,
        8.8407e-05, 6.6358e-05, 6.0137e-03, 2.4153e-05, 4.9049e-04, 1.7305e-03,
        7.8986e-04, 1.2862e-03])//
train_examples$130000$10000.0//
train_loss$132000$0.0009571318054199219//
train_individual_losses$132000$tensor([1.0506e-03, 1.7111e-04, 3.7534e-04, 8.9816e-05, 1.8412e-03, 1.8364e-03,
        9.2876e-05, 3.4975e-04, 1.7862e-03, 1.4533e-04, 1.7421e-04, 7.1160e-04,
        8.8072e-05, 7.4296e-05, 5.9984e-03, 2.2832e-05, 4.8542e-04, 1.7354e-03,
        7.7639e-04, 1.3373e-03])//
train_examples$132000$10000.0//
train_loss$134000$0.0009589773559570313//
train_individual_losses$134000$tensor([1.0433e-03, 1.6369e-04, 3.6542e-04, 9.3771e-05, 1.8717e-03, 1.8614e-03,
        9.6108e-05, 3.6106e-04, 1.7705e-03, 1.4113e-04, 1.5156e-04, 7.0502e-04,
        8.6075e-05, 6.7791e-05, 6.0197e-03, 2.6744e-05, 4.8756e-04, 1.8041e-03,
        8.2172e-04, 1.2413e-03])//
train_examples$134000$10000.0//
train_loss$136000$0.0009700075531005859//
train_individual_losses$136000$tensor([1.0139e-03, 1.7286e-04, 3.7798e-04, 9.1999e-05, 1.8899e-03, 1.8754e-03,
        9.5316e-05, 3.4684e-04, 1.7100e-03, 1.5369e-04, 1.5710e-04, 8.2855e-04,
        9.7934e-05, 6.6359e-05, 6.1019e-03, 2.3216e-05, 4.9100e-04, 1.8884e-03,
        7.7318e-04, 1.2447e-03])//
train_examples$136000$10000.0//
train_loss$138000$0.0009500504302978515//
train_individual_losses$138000$tensor([1.0049e-03, 1.6422e-04, 3.7493e-04, 9.3138e-05, 1.8571e-03, 1.8396e-03,
        9.5149e-05, 3.4976e-04, 1.6686e-03, 1.4927e-04, 1.5913e-04, 7.1062e-04,
        9.7247e-05, 6.7008e-05, 6.0432e-03, 3.2150e-05, 4.8047e-04, 1.7844e-03,
        7.6575e-04, 1.2644e-03])//
train_examples$138000$10000.0//
train_loss$140000$0.0009372490692138672//
train_individual_losses$140000$tensor([1.0031e-03, 1.6309e-04, 3.8848e-04, 8.6470e-05, 1.8380e-03, 1.8217e-03,
        9.1762e-05, 3.4447e-04, 1.6450e-03, 1.3982e-04, 1.4411e-04, 6.9693e-04,
        8.5482e-05, 6.7636e-05, 5.9786e-03, 2.2707e-05, 5.0104e-04, 1.7269e-03,
        7.6517e-04, 1.2345e-03])//
train_examples$140000$10000.0//
train_loss$142000$0.0009363999938964844//
train_individual_losses$142000$tensor([9.1065e-04, 1.6453e-04, 3.6556e-04, 9.2421e-05, 1.8597e-03, 1.8683e-03,
        9.4821e-05, 3.4554e-04, 1.6235e-03, 1.6010e-04, 1.6029e-04, 7.0747e-04,
        9.2459e-05, 7.7534e-05, 5.9629e-03, 2.3152e-05, 4.8015e-04, 1.7241e-03,
        7.6573e-04, 1.2491e-03])//
train_examples$142000$10000.0//
train_loss$144000$0.0009269742584228516//
train_individual_losses$144000$tensor([8.6983e-04, 1.6715e-04, 3.6544e-04, 8.8506e-05, 1.8374e-03, 1.8432e-03,
        9.2229e-05, 3.4780e-04, 1.5968e-03, 1.4163e-04, 1.4332e-04, 7.0141e-04,
        8.1607e-05, 6.7263e-05, 5.9850e-03, 2.3100e-05, 4.8046e-04, 1.7351e-03,
        7.3963e-04, 1.2326e-03])//
train_examples$144000$10000.0//
train_loss$146000$0.000925347900390625//
train_individual_losses$146000$tensor([8.4913e-04, 1.7941e-04, 3.6701e-04, 8.3515e-05, 1.8407e-03, 1.8272e-03,
        9.2022e-05, 3.4435e-04, 1.5875e-03, 1.7659e-04, 1.4555e-04, 6.9106e-04,
        9.8306e-05, 6.9039e-05, 5.9585e-03, 2.2605e-05, 4.8085e-04, 1.7277e-03,
        7.3718e-04, 1.2288e-03])//
train_examples$146000$10000.0//
train_loss$148000$0.0009204251098632812//
train_individual_losses$148000$tensor([7.9041e-04, 1.6494e-04, 3.7789e-04, 8.3877e-05, 1.8426e-03, 1.8298e-03,
        9.3804e-05, 3.4885e-04, 1.5674e-03, 1.3993e-04, 1.6879e-04, 6.8947e-04,
        8.4521e-05, 6.7677e-05, 5.9611e-03, 2.3122e-05, 4.8131e-04, 1.7165e-03,
        7.1915e-04, 1.2573e-03])//
train_examples$148000$10000.0//
train_loss$150000$0.0009193382263183594//
train_individual_losses$150000$tensor([7.8997e-04, 1.6431e-04, 3.7989e-04, 8.4546e-05, 1.8350e-03, 1.8360e-03,
        9.1745e-05, 3.4153e-04, 1.5541e-03, 1.3633e-04, 1.5080e-04, 6.8531e-04,
        8.4771e-05, 6.8382e-05, 6.0298e-03, 2.2936e-05, 4.8727e-04, 1.7240e-03,
        6.8606e-04, 1.2340e-03])//
train_examples$150000$10000.0//
train_loss$152000$0.000912828369140625//
train_individual_losses$152000$tensor([7.4588e-04, 1.6786e-04, 3.6083e-04, 9.0176e-05, 1.8506e-03, 1.8171e-03,
        9.2687e-05, 3.4456e-04, 1.5546e-03, 1.3645e-04, 1.4456e-04, 7.0193e-04,
        9.8897e-05, 6.6001e-05, 5.9929e-03, 2.2117e-05, 4.8488e-04, 1.7309e-03,
        6.0834e-04, 1.2453e-03])//
train_examples$152000$10000.0//
train_loss$154000$0.0009102703857421875//
train_individual_losses$154000$tensor([7.3646e-04, 1.6270e-04, 3.6412e-04, 8.1322e-05, 1.8343e-03, 1.8400e-03,
        9.1751e-05, 3.4393e-04, 1.6229e-03, 1.4207e-04, 1.4620e-04, 7.0363e-04,
        8.8953e-05, 6.7920e-05, 5.9483e-03, 2.9251e-05, 4.7713e-04, 1.7186e-03,
        5.8119e-04, 1.2247e-03])//
train_examples$154000$10000.0//
train_loss$156000$0.0009115940856933594//
train_individual_losses$156000$tensor([7.0790e-04, 1.6363e-04, 3.6812e-04, 8.4158e-05, 1.8589e-03, 1.8284e-03,
        9.1038e-05, 3.4045e-04, 1.5187e-03, 1.4447e-04, 1.3895e-04, 8.1818e-04,
        8.0637e-05, 7.0646e-05, 5.9340e-03, 2.2094e-05, 4.8943e-04, 1.7677e-03,
        5.7777e-04, 1.2268e-03])//
train_examples$156000$10000.0//
train_loss$158000$0.0009124153137207031//
train_individual_losses$158000$tensor([6.9411e-04, 1.6217e-04, 3.8212e-04, 8.1732e-05, 1.9238e-03, 1.9258e-03,
        9.4667e-05, 3.3563e-04, 1.5252e-03, 1.3786e-04, 1.4041e-04, 7.1019e-04,
        7.7612e-05, 6.7210e-05, 5.9324e-03, 2.2492e-05, 4.8249e-04, 1.7656e-03,
        5.5507e-04, 1.2318e-03])//
train_examples$158000$10000.0//
train_loss$160000$0.0008995298767089844//
train_individual_losses$160000$tensor([6.7975e-04, 1.6975e-04, 3.7489e-04, 8.2108e-05, 1.8528e-03, 1.8234e-03,
        9.3373e-05, 3.4010e-04, 1.5046e-03, 1.3898e-04, 1.3895e-04, 6.9757e-04,
        7.6527e-05, 6.6207e-05, 5.9588e-03, 2.1695e-05, 4.7910e-04, 1.7233e-03,
        5.4487e-04, 1.2238e-03])//
train_examples$160000$10000.0//
train_loss$162000$0.0008947016906738282//
train_individual_losses$162000$tensor([6.5712e-04, 1.6619e-04, 3.6671e-04, 8.2553e-05, 1.8358e-03, 1.8193e-03,
        9.1747e-05, 3.3594e-04, 1.4939e-03, 1.3361e-04, 1.3232e-04, 6.8711e-04,
        8.7699e-05, 6.6102e-05, 5.9373e-03, 2.1712e-05, 4.7634e-04, 1.7330e-03,
        5.4565e-04, 1.2239e-03])//
train_examples$162000$10000.0//
train_loss$164000$0.0009464000701904297//
train_individual_losses$164000$tensor([6.3979e-04, 1.6817e-04, 3.6433e-04, 8.9010e-05, 1.8518e-03, 1.9115e-03,
        9.1217e-05, 3.5019e-04, 1.5507e-03, 1.4283e-04, 1.2711e-04, 1.0537e-03,
        8.2453e-05, 6.5776e-05, 6.1177e-03, 2.3423e-05, 4.8156e-04, 2.0211e-03,
        5.5510e-04, 1.2404e-03])//
train_examples$164000$10000.0//
train_loss$166000$0.000897016372680664//
train_individual_losses$166000$tensor([6.3317e-04, 1.7298e-04, 3.6177e-04, 8.1216e-05, 1.8555e-03, 1.8458e-03,
        9.0046e-05, 3.3552e-04, 1.5034e-03, 1.3522e-04, 1.2801e-04, 7.3592e-04,
        8.3961e-05, 6.5197e-05, 5.9277e-03, 2.3178e-05, 4.7718e-04, 1.7144e-03,
        5.4126e-04, 1.2289e-03])//
train_examples$166000$10000.0//
train_loss$168000$0.000892376708984375//
train_individual_losses$168000$tensor([6.1161e-04, 1.6396e-04, 3.5752e-04, 8.2154e-05, 1.8365e-03, 1.8205e-03,
        9.2826e-05, 3.4009e-04, 1.5339e-03, 1.3454e-04, 1.3041e-04, 6.8604e-04,
        8.4718e-05, 6.6554e-05, 5.9143e-03, 2.1858e-05, 4.8031e-04, 1.7303e-03,
        5.4011e-04, 1.2194e-03])//
train_examples$168000$10000.0//
train_loss$170000$0.000900831069946289//
train_individual_losses$170000$tensor([5.9799e-04, 1.7972e-04, 3.9725e-04, 7.9882e-05, 1.8418e-03, 1.8188e-03,
        9.0242e-05, 3.5105e-04, 1.5963e-03, 1.4470e-04, 1.2852e-04, 6.8463e-04,
        8.5947e-05, 6.6368e-05, 5.9531e-03, 2.1458e-05, 4.7188e-04, 1.7289e-03,
        5.5177e-04, 1.2263e-03])//
train_examples$170000$10000.0//
train_loss$172000$0.000892100830078125//
train_individual_losses$172000$tensor([5.8691e-04, 1.6343e-04, 3.6071e-04, 8.8885e-05, 1.8569e-03, 1.8180e-03,
        9.1470e-05, 3.5956e-04, 1.4589e-03, 1.3577e-04, 1.2500e-04, 7.2702e-04,
        7.7042e-05, 6.5994e-05, 5.9370e-03, 3.2241e-05, 4.7052e-04, 1.7264e-03,
        5.3034e-04, 1.2299e-03])//
train_examples$172000$10000.0//
train_loss$174000$0.0008906776428222657//
train_individual_losses$174000$tensor([5.7144e-04, 1.6347e-04, 3.6012e-04, 9.8500e-05, 1.8778e-03, 1.8245e-03,
        8.9699e-05, 3.3510e-04, 1.4603e-03, 1.2906e-04, 1.3217e-04, 6.9634e-04,
        7.6744e-05, 6.6431e-05, 5.9174e-03, 2.2778e-05, 4.7231e-04, 1.7413e-03,
        5.3630e-04, 1.2418e-03])//
train_examples$174000$10000.0//
train_loss$176000$0.0008913957214355468//
train_individual_losses$176000$tensor([5.6706e-04, 1.6271e-04, 3.6736e-04, 7.9167e-05, 1.8389e-03, 1.8282e-03,
        8.9299e-05, 3.3196e-04, 1.4553e-03, 1.3410e-04, 1.2502e-04, 6.7833e-04,
        9.2153e-05, 6.6082e-05, 5.9740e-03, 2.7754e-05, 4.7689e-04, 1.7189e-03,
        5.4250e-04, 1.2722e-03])//
train_examples$176000$10000.0//
train_loss$178000$0.000888187255859375//
train_individual_losses$178000$tensor([5.5581e-04, 1.6067e-04, 3.5721e-04, 8.6011e-05, 1.8353e-03, 1.8214e-03,
        9.2962e-05, 3.3128e-04, 1.4456e-03, 1.2761e-04, 1.2601e-04, 7.0646e-04,
        9.7130e-05, 6.4855e-05, 5.9247e-03, 2.6159e-05, 4.8448e-04, 1.7554e-03,
        5.4491e-04, 1.2199e-03])//
train_examples$178000$10000.0//
train_loss$180000$0.0008912993621826171//
train_individual_losses$180000$tensor([5.4929e-04, 1.7123e-04, 3.5832e-04, 7.6386e-05, 1.8434e-03, 1.8228e-03,
        9.7393e-05, 3.3159e-04, 1.4408e-03, 1.3388e-04, 1.5335e-04, 6.7563e-04,
        8.0751e-05, 6.8571e-05, 5.9859e-03, 2.1560e-05, 4.7580e-04, 1.7852e-03,
        5.2900e-04, 1.2251e-03])//
train_examples$180000$10000.0//
train_loss$182000$0.000884195327758789//
train_individual_losses$182000$tensor([5.4737e-04, 1.5977e-04, 3.6099e-04, 8.1709e-05, 1.8416e-03, 1.8375e-03,
        9.3168e-05, 3.4101e-04, 1.4382e-03, 1.3373e-04, 1.2782e-04, 6.6881e-04,
        7.4094e-05, 6.9309e-05, 5.8972e-03, 2.1167e-05, 4.8197e-04, 1.7143e-03,
        5.3645e-04, 1.2577e-03])//
train_examples$182000$10000.0//
train_loss$184000$0.0008827667999267579//
train_individual_losses$184000$tensor([5.3826e-04, 1.6124e-04, 3.8399e-04, 8.0926e-05, 1.8449e-03, 1.8454e-03,
        8.8728e-05, 3.3462e-04, 1.4261e-03, 1.2870e-04, 1.2218e-04, 6.7381e-04,
        7.7481e-05, 6.6081e-05, 5.9233e-03, 2.1562e-05, 4.8152e-04, 1.7156e-03,
        5.2997e-04, 1.2110e-03])//
train_examples$184000$10000.0//
train_loss$186000$0.0008863412475585938//
train_individual_losses$186000$tensor([5.4131e-04, 1.6392e-04, 3.6017e-04, 7.7880e-05, 1.8598e-03, 1.8385e-03,
        8.8808e-05, 3.3390e-04, 1.4329e-03, 1.2641e-04, 1.2453e-04, 6.7647e-04,
        7.2841e-05, 6.4440e-05, 6.0101e-03, 2.1174e-05, 4.7388e-04, 1.7083e-03,
        5.2502e-04, 1.2265e-03])//
train_examples$186000$10000.0//
train_loss$188000$0.0008910678100585937//
train_individual_losses$188000$tensor([5.3413e-04, 1.6986e-04, 3.8802e-04, 8.0033e-05, 1.8354e-03, 1.8158e-03,
        9.0665e-05, 3.3155e-04, 1.4293e-03, 1.2479e-04, 1.3156e-04, 6.7618e-04,
        7.6756e-05, 6.4728e-05, 6.0933e-03, 2.4291e-05, 4.7052e-04, 1.7208e-03,
        5.4065e-04, 1.2230e-03])//
train_examples$188000$10000.0//
train_loss$190000$0.0008886863708496093//
train_individual_losses$190000$tensor([5.2865e-04, 1.6406e-04, 3.5603e-04, 8.7556e-05, 1.8443e-03, 1.8322e-03,
        9.0772e-05, 3.2874e-04, 1.4187e-03, 1.2536e-04, 1.1835e-04, 6.9636e-04,
        7.4365e-05, 6.7453e-05, 5.9119e-03, 2.1227e-05, 4.6962e-04, 1.8291e-03,
        5.5138e-04, 1.2576e-03])//
train_examples$190000$10000.0//
train_loss$192000$0.0008858453369140625//
train_individual_losses$192000$tensor([5.2216e-04, 1.6176e-04, 4.6937e-04, 8.1713e-05, 1.8344e-03, 1.8221e-03,
        8.8033e-05, 3.2822e-04, 1.4090e-03, 1.2760e-04, 1.1856e-04, 6.6591e-04,
        7.1710e-05, 6.6742e-05, 5.9155e-03, 3.8908e-05, 5.1303e-04, 1.7079e-03,
        5.5642e-04, 1.2178e-03])//
train_examples$192000$10000.0//
train_loss$194000$0.0008972018432617187//
train_individual_losses$194000$tensor([5.1172e-04, 1.5974e-04, 3.6144e-04, 1.0046e-04, 1.9305e-03, 1.8612e-03,
        9.0151e-05, 3.3212e-04, 1.4465e-03, 1.2590e-04, 1.2581e-04, 7.2440e-04,
        9.0751e-05, 6.9963e-05, 5.9973e-03, 2.0974e-05, 4.7196e-04, 1.7866e-03,
        5.2441e-04, 1.2122e-03])//
train_examples$194000$10000.0//
train_loss$196000$0.0008782612609863281//
train_individual_losses$196000$tensor([5.0294e-04, 1.6384e-04, 3.6856e-04, 7.5653e-05, 1.8399e-03, 1.8201e-03,
        9.0489e-05, 3.2956e-04, 1.4228e-03, 1.3656e-04, 1.1608e-04, 6.9611e-04,
        7.4969e-05, 6.4589e-05, 5.9126e-03, 2.0868e-05, 4.7768e-04, 1.7066e-03,
        5.3473e-04, 1.2106e-03])//
train_examples$196000$10000.0//
train_loss$198000$0.0008767225646972656//
train_individual_losses$198000$tensor([5.0256e-04, 1.6049e-04, 3.5563e-04, 7.5941e-05, 1.8342e-03, 1.8176e-03,
        9.5318e-05, 3.2991e-04, 1.4027e-03, 1.2791e-04, 1.2338e-04, 6.7715e-04,
        7.2136e-05, 6.7853e-05, 5.8979e-03, 2.1485e-05, 5.0649e-04, 1.7303e-03,
        5.3074e-04, 1.2048e-03])//
train_examples$198000$10000.0//
train_loss$200000$0.0008790412902832031//
train_individual_losses$200000$tensor([4.8441e-04, 1.6391e-04, 4.0727e-04, 8.1592e-05, 1.8345e-03, 1.8547e-03,
        9.4919e-05, 3.2747e-04, 1.4023e-03, 1.2224e-04, 1.1981e-04, 6.6853e-04,
        8.1256e-05, 6.4869e-05, 5.8769e-03, 2.5537e-05, 4.7077e-04, 1.7278e-03,
        5.2567e-04, 1.2464e-03])//
train_examples$200000$10000.0